17
0 633 257 91 412 150 80 134 259 505 353 324 70 211 268 246 121
633 0 390 661 227 488 572 530 555 289 282 638 567 466 420 745 518
257 390 0 0 3 5 3 3 24 24 48 48 72 72 0 3 5
91 661 0 0 48 48 48 48 12 12 6 6 0 0 74 48 48
412 227 3 48 0 48 48 38 12 12 6 6 0 0 74 48 48
150 488 5 48 48 0 8 8 8 8 0 0 6 6 50 8 8
80 572 3 48 48 8 0 8 8 8 0 0 6 6 50 8 8
134 530 3 48 38 8 8 0 0 0 8 8 12 12 26 5 5
259 555 24 12 12 8 8 0 0 0 8 8 12 12 26 5 5
505 289 24 12 12 8 8 0 0 0 8 8 48 48 3 0 3
353 282 48 6 6 0 0 8 8 8 0 48 48 3 0 3 0
324 638 48 6 6 0 0 8 8 8 48 0 48 48 3 0 3
70 567 72 0 0 6 6 12 12 48 48 48 0 72 0 3 5
211 466 72 0 0 6 6 12 12 48 3 48 72 0 50 8 8
268 420 0 74 74 50 50 26 26 3 0 3 0 50 0 8 8
246 745 3 48 48 8 8 5 5 0 3 0 3 8 8 0 5
121 518 5 48 48 8 8 5 5 3 0 3 5 8 8 5 0
